%> @file 
%> Simple network
%> @author Michel Bierlaire
%> @date Sun Jun 29 15:05:38 2014
%> @ingroup Examples

%> Example 22.1 in \cite Bier15-book

A = [0 1  0  0  0  0 0 0 ; 
     0 0  2  3  0  0 0 0 ;
     4 0  0  0  5  0 0 0 ;
     0 6  0  0  7  0 0 0 ;
     0 0  0  8  0  0 0 0 ;
     0 0  0  0  0  0 9 0 ; 
     0 0  0  0  0 10 0 0 ; 
     0 0  0  0  0  0 0 0 ] ;

modA = [0 1  0  0  0  0  0 0 0; 
        0 0  2  3  0  0  0 0 0;
        4 0  0  0  5  0  0 0 0;
        0 6  0  0  7  0  0 0 0;
        0 0  0  8  0  0  0 0 0;
        0 0  0  0  0  0  9 0 0; 
        0 0  0  0  0 10  0 0 0; 
        0 0  0  0  0  0  0 0 0;
       11 0 12 13 14 15 16 0 0] ;

flow = [ 4 ;  # (1,2) 
         0 ;  # (2,3) 
       1.5 ;  # (2,4)
         1 ;  # (3,1)
         0 ;  # (3,5)
      -2.5 ;  # (4,2)     
         4 ;  # (4,5)
         1 ;  # (5,4)
         2 ;  # (6,7)
         0 ;  # (7,6)
          ]

circ = [ 4 ;  # (1,2) 
         0 ;  # (2,3) 
       1.5 ;  # (2,4)
         1 ;  # (3,1)
         0 ;  # (3,5)
      -2.5 ;  # (4,2)     
         4 ;  # (4,5)
         1 ;  # (5,4)
         2 ;  # (6,7)
         0 ;  # (7,6)
         3 ;  # (A,1)
         1 ;  # (A,3)
        -1 ;  # (A,4)
        -3 ;  # (A,5)
         2 ;  # (A,6)
        -2 ;  # (A,7) 
          ]
     
             
