%> @file 
%> n cities randomly generated for the TSP problem with Euclidean distances
%> Each city belongs to a cell of a 3 x 4 grid. The exact position in the cell is random.
%> @author Michel Bierlaire
%> @date Sat Apr  5 19:18:51 2014
%> @ingroup Examples
n = 12
coord = [4.156341746764756 5.774176543970166;
4.4079597304047 19.538782052062032;
0.9822915868047533 29.836107315632397;
3.8543860041063627 38.906224927760604;
10.92990793150159 5.990198996002661;
13.302360762914622 14.654259402051345;
16.85502035908252 24.428799279905768;
16.929814620099908 34.798015732525506;
28.705470406200554 1.1339581680392519;
29.6185833303654 15.610670067569519;
20.253688649437848 21.464309170185267;
23.00828485591908 32.223439069868334;
]
dist = [
0.0 13.766905113462645 24.27037508729949 33.13342432312657 6.777010001379107 12.747765898782507 22.566598944436045 31.710327189875375 24.983821655500567 27.29619664534702 22.478986612683823 32.480136193597964 ;
13.766905113462645 0.0 10.852193778855959 19.37535257521512 15.036619007101631 10.147360801981025 13.37316666996228 19.73932781007435 30.481249437027824 25.514811503548465 15.96229243116763 22.513831713731545 ;
24.27037508729949 10.852193778855959 0.0 9.513987588794373 25.83761627026507 19.551793027117434 16.768497215657945 16.701617467632115 39.90473668053553 31.9749944444232 21.011276708800338 22.15499339642991 ;
33.13342432312657 19.37535257521512 9.513987588794373 0.0 33.66790420690322 26.027332919514986 19.457963588745645 13.705627175863096 45.21416295949268 34.73437404230262 23.94070910703213 20.2862383907889 ;
6.777010001379107 15.036619007101631 25.83761627026507 33.66790420690322 0.0 8.983010361618215 19.3672129566705 29.425995062138046 18.42698283146497 21.019515974516448 18.066017064059846 28.880271361283512 ;
12.747765898782507 10.147360801981025 19.551793027117434 26.027332919514986 8.983010361618215 0.0 10.400145192736984 20.467763448592187 20.495227057574088 16.344229569842287 9.731276238521664 20.071896689132252 ;
22.566598944436045 13.37316666996228 16.768497215657945 19.457963588745645 19.3672129566705 10.400145192736984 0.0 10.369486198590604 26.135852554419305 15.513476158726043 4.5098944287530145 9.930713641188984 ;
31.710327189875375 19.73932781007435 16.701617467632115 13.705627175863096 29.425995062138046 20.467763448592187 10.369486198590604 0.0 35.66419550330233 23.00345811066497 13.741756410790522 6.601230597368836 ;
24.983821655500567 30.481249437027824 39.90473668053553 45.21416295949268 18.42698283146497 20.495227057574088 26.135852554419305 35.66419550330233 0.0 14.505480434452286 22.01717027082287 31.60717870895046 ;
27.29619664534702 25.514811503548465 31.9749944444232 34.73437404230262 21.019515974516448 16.344229569842287 15.513476158726043 23.00345811066497 14.505480434452286 0.0 11.043837337109654 17.879601221643835 ;
22.478986612683823 15.96229243116763 21.011276708800338 23.94070910703213 18.066017064059846 9.731276238521664 4.5098944287530145 13.741756410790522 22.01717027082287 11.043837337109654 0.0 11.10615489082585 ;
32.480136193597964 22.513831713731545 22.15499339642991 20.2862383907889 28.880271361283512 20.071896689132252 9.930713641188984 6.601230597368836 31.60717870895046 17.879601221643835 11.10615489082585 0.0 ;
]

firstSolution = aNearestNeighbor(dist)
tspPrintSlide(coord,firstSolution,close,dist,1,1,labels=1)

localOptimum = aTspLocalSearch(firstSolution,dist)
%[localOptimum,length] = aTspSimulatedAnnealing(firstSolution,dist)
tspPrintSlide(coord,localOptimum,close,dist,1,1,labels=1)
